506 1841
511 1817
520 1754
529 1686
535 1616
543 1546
550 1489
558 1422
567 1355
573 1289
581 1219
589 1148
595 1074
603 999
610 925
617 849
626 772
634 696
643 617
653 538
661 460
667 380
676 299
682 217
689 132
695 47
506 1841
511 1817
520 1754
529 1686
535 1616
543 1546
550 1489
558 1422
567 1355
573 1289
581 1219
589 1148
595 1074
603 999
610 925
617 849
626 772
634 696
643 617
653 538
661 460
667 380
676 299
682 217
689 132
695 47
506 1841
511 1817
520 1754
529 1686
535 1616
543 1546
550 1489
558 1422
567 1355
573 1289
581 1219
589 1148
595 1074
603 999
610 925
617 849
626 772
634 696
643 617
653 538
661 460
667 380
676 299
682 217
689 132
695 47
506 1841
511 1817
520 1754
529 1686
535 1616
543 1546
550 1489
558 1422
567 1355
573 1289
581 1219
589 1148
595 1074
603 999
610 925
617 849
626 772
634 696
643 617
653 538
661 460
667 380
676 299
682 217
689 132
695 47
506 1841
511 1817
520 1754
529 1686
535 1616
543 1546
550 1489
558 1422
567 1355
573 1289
581 1219
589 1148
595 1074
603 999
610 925
617 849
626 772
634 696
643 617
653 538
661 460
667 380
676 299
682 217
689 132
695 47
506 1841
511 1817
520 1754
529 1686
535 1616
543 1546
550 1489
558 1422
567 1355
573 1289
581 1219
589 1148
595 1074
603 999
610 925
617 849
626 772
634 696
643 617
653 538
661 460
667 380
676 299
682 217
689 132
695 47
506 1841
511 1817
520 1754
529 1686
535 1616
543 1546
550 1489
558 1422
567 1355
573 1289
581 1219
589 1148
595 1074
603 999
610 925
617 849
626 772
634 696
643 617
653 538
661 460
667 380
676 299
682 217
689 132
695 47
938 711
925 688
912 664
898 634
886 608
873 583
862 559
847 532
833 509
819 485
804 462
787 436
770 414
755 391
737 367
716 338
701 324
704 725
704 726
993 832
987 813
975 787
962 760
951 737
938 710
925 687
912 663
898 633
886 608
873 582
861 559
847 533
833 507
819 485
804 462
787 436
770 413
755 391
737 369
716 338
702 325
706 726
938 711
925 688
912 664
898 634
886 608
873 583
862 559
847 532
833 509
819 485
804 462
787 436
770 414
755 391
737 367
716 338
701 324
704 725
704 726
993 832
987 813
975 787
962 760
951 737
938 710
925 687
912 663
898 633
886 608
873 582
861 559
847 533
833 507
819 485
804 462
787 436
770 413
755 391
737 369
716 338
702 325
706 726
938 711
925 688
912 664
898 634
886 608
873 583
862 559
847 532
833 509
819 485
804 462
787 436
770 414
755 391
737 367
716 338
701 324
704 725
704 726
993 832
987 813
975 787
962 760
951 737
938 710
925 687
912 663
898 633
886 608
873 582
861 559
847 533
833 507
819 485
804 462
787 436
770 413
755 391
737 369
716 338
702 325
706 726
799 696
797 688
796 681
793 678
790 675
786 669
782 668
781 668
777 663
775 662
773 666
775 684
784 732
784 732
814 747
827 753
842 758
846 753
849 750
839 736
824 725
812 719
806 711
803 705
801 700
800 692
797 685
795 679
791 677
788 672
784 668
781 669
777 664
774 663
773 666
773 672
783 730
938 711
925 688
912 664
898 634
886 608
873 583
862 559
847 532
833 509
819 485
804 462
787 436
770 414
755 391
737 367
716 338
701 324
704 725
704 726
993 832
987 813
975 787
962 760
951 737
938 710
925 687
912 663
898 633
886 608
873 582
861 559
847 533
833 507
819 485
804 462
787 436
770 413
755 391
737 369
716 338
702 325
706 726
918 37
927 38
926 45
907 48
872 50
853 52
850 52
853 54
835 80
827 99
848 82
836 103
822 111
832 104
835 93
825 91
818 85
817 86
826 85
829 83
833 81
833 81
828 81
826 84
826 85
829 84
833 85
832 84
832 84
833 83
825 90
828 89
828 85
830 84
833 83
832 86
819 102
832 149
872 213
886 222
905 240
867 171
839 127
839 125
838 121
889 174
967 267
1044 338
1144 422
1171 424
1156 402
1220 450
1167 388
1159 361
1224 390
1202 362
1185 335
984 198
996 207
947 174
1132 275
1168 288
1164 277
1166 273
1173 263
1110 226
810 577
856 570
900 566
946 563
988 562
1032 564
1077 563
1115 564
1156 567
1201 569
1243 561
1288 563
1336 563
1391 564
1404 549
1121 461
1092 456
604 538
585 550
573 578
619 579
655 576
705 591
746 594
799 589
843 586
891 584
937 579
977 583
1030 584
1074 589
1109 588
1148 581
1190 584
1231 571
1275 569
1327 571
1374 564
1396 556
1073 451
810 577
856 570
900 566
946 563
988 562
1032 564
1077 563
1115 564
1156 567
1201 569
1243 561
1288 563
1336 563
1391 564
1404 549
1121 461
1092 456
604 538
585 550
573 578
619 579
655 576
705 591
746 594
799 589
843 586
891 584
937 579
977 583
1030 584
1074 589
1109 588
1148 581
1190 584
1231 571
1275 569
1327 571
1374 564
1396 556
1073 451
810 577
856 570
900 566
946 563
988 562
1032 564
1077 563
1115 564
1156 567
1201 569
1243 561
1288 563
1336 563
1391 564
1404 549
1121 461
1092 456
604 538
585 550
573 578
619 579
655 576
705 591
746 594
799 589
843 586
891 584
937 579
977 583
1030 584
1074 589
1109 588
1148 581
1190 584
1231 571
1275 569
1327 571
1374 564
1396 556
1073 451
810 577
856 570
900 566
946 563
988 562
1032 564
1077 563
1115 564
1156 567
1201 569
1243 561
1288 563
1336 563
1391 564
1404 549
1121 461
1092 456
604 538
585 550
573 578
619 579
655 576
705 591
746 594
799 589
843 586
891 584
937 579
977 583
1030 584
1074 589
1109 588
1148 581
1190 584
1231 571
1275 569
1327 571
1374 564
1396 556
1073 451
810 577
856 570
900 566
946 563
988 562
1032 564
1077 563
1115 564
1156 567
1201 569
1243 561
1288 563
1336 563
1391 564
1404 549
810 577
856 570
900 566
946 563
988 562
1032 564
1077 563
1115 564
1156 567
1201 569
1243 561
1288 563
1336 563
1391 564
1404 549
810 577
856 570
900 566
946 563
988 562
1032 564
1077 563
1115 564
1156 567
1201 569
1243 561
1288 563
1336 563
1391 564
1404 549
810 577
856 570
900 566
946 563
988 562
1032 564
1077 563
1115 564
1156 567
1201 569
1243 561
1288 563
1336 563
1391 564
1404 549
810 577
856 570
900 566
946 563
988 562
1032 564
1077 563
1115 564
1156 567
1201 569
1243 561
1288 563
1336 563
1391 564
1404 549
810 577
856 570
900 566
946 563
988 562
1032 564
1077 563
1115 564
1156 567
1201 569
1243 561
1288 563
1336 563
1391 564
1404 549
810 577
856 570
900 566
946 563
988 562
1032 564
1077 563
1115 564
1156 567
1201 569
1243 561
1288 563
1336 563
1391 564
1404 549
799 696
797 688
796 681
793 678
790 675
786 669
782 668
781 668
777 663
775 662
773 666
775 684
784 732
784 732
814 747
827 753
842 758
846 753
849 750
799 696
797 688
796 681
793 678
790 675
786 669
782 668
781 668
777 663
775 662
773 666
775 684
784 732
784 732
814 747
827 753
842 758
846 753
849 750
839 736
824 725
812 719
799 696
797 688
796 681
793 678
790 675
799 696
797 688
796 681
793 678
790 675
786 669
782 668
781 668
777 663
775 662
773 666
775 684
799 696
797 688
796 681
793 678
799 696
797 688
796 681
793 678
799 696
797 688
796 681
793 678
790 675
786 669
782 668
781 668
777 663
775 662
773 666
767 423
658 267
791 435
783 422
783 420
774 408
768 401
751 377
737 357
799 696
797 688
796 681
793 678
918 37
927 38
926 45
907 48
872 50
853 52
850 52
853 54
835 80
827 99
848 82
836 103
822 111
832 104
835 93
825 91
818 85
817 86
826 85
829 83
833 81
918 37
927 38
926 45
938 711
925 688
912 664
898 634
886 608
873 583
862 559
847 532
833 509
819 485
804 462
938 711
925 688
912 664
938 711
925 688
912 664
898 634
886 608
873 583
801 462
790 459
816 460
812 455
789 451
766 443
749 439
732 434
710 435
653 430
652 429
667 433
635 430
647 427
677 432
677 434
662 431
699 435
723 437
709 438
754 442
728 439
665 433
683 436
721 441
636 434
656 435
727 444
677 438
636 433
677 438
717 443
746 443
750 443
759 444
807 449
796 448
770 443
847 451
876 453
876 453
875 451
853 452
828 452
819 453
827 448
797 445
779 444
759 443
739 443
682 439
653 437
682 440
641 437
610 435
643 439
691 440
671 436
687 438
768 443
785 444
771 442
768 443
776 445
737 443
683 438
699 438
676 443
801 462
1493 788
1443 749
1394 714
1349 678
1308 638
1250 627
1249 626
1206 622
1207 622
1207 622
1206 621
1207 622
1207 622
1207 622
1149 618
1148 618
1148 617
1148 617
1148 616
1148 617
1148 617
1148 616
1094 616
1094 617
1094 617
1093 615
1093 615
1094 614
1094 615
1094 614
1039 611
1039 611
1039 610
1039 610
1039 609
1039 609
1039 610
1039 611
997 610
986 610
986 611
988 611
986 611
986 611
987 612
987 612
982 612
933 614
933 613
933 613
933 613
933 614
934 615
933 615
933 615
876 617
876 617
876 618
876 618
876 619
876 619
876 619
876 619
824 621
825 620
824 621
825 621
824 621
825 622
825 623
825 623
772 625
772 625
772 625
772 625
772 625
772 626
772 625
772 625
717 629
718 630
718 629
718 629
1493 788
1443 749
1394 714
1493 788
1443 749
1394 714
1349 678
1308 638
1250 627
1249 626
1206 622
1207 622
1207 622
1206 621
1207 622
1207 622
1207 622
1149 618
1148 618
1148 617
1148 617
1148 616
1148 617
1148 617
1148 616
1094 616
1094 617
1094 617
1093 615
1093 615
1094 614
1094 615
1094 614
1039 611
1039 611
1039 610
1039 610
1039 609
1039 609
1039 610
1039 611
997 610
986 610
986 611
988 611
986 611
986 611
987 612
987 612
982 612
933 614
933 613
933 613
933 613
933 614
934 615
933 615
933 615
876 617
876 617
876 618
876 618
876 619
876 619
876 619
876 619
824 621
825 620
824 621
825 621
824 621
825 622
825 623
825 623
772 625
772 625
772 625
772 625
772 625
772 626
772 625
772 625
717 629
718 630
718 629
718 629
718 630
718 630
718 629
719 631
668 638
668 637
668 637
668 636
668 636
668 635
668 635
668 634
612 637
612 637
612 637
612 636
612 636
612 636
612 636
612 636
618 595
618 595
618 595
618 595
618 594
618 594
618 594
618 594
1443 749
1349 678
1250 627
1206 622
1207 622
1207 622
1207 622
1148 618
1148 617
1148 617
1148 616
1094 617
1093 615
1094 614
1094 614
1039 611
1039 610
1039 609
1039 611
986 610
988 611
986 611
987 612
933 614
933 613
933 614
933 615
876 617
876 618
876 619
876 619
824 621
824 621
824 621
825 623
772 625
772 625
772 625
772 625
717 629
718 629
718 630
718 629
668 638
668 637
668 636
668 635
612 637
612 637
612 636
612 636
618 595
618 595
618 594
618 594
676 593
676 593
676 594
676 595
721 601
721 601
721 602
721 602
774 609
774 609
774 609
775 609
808 610
832 606
832 607
833 608
833 608
878 608
1148 617
986 610
810 577
856 570
900 566
946 563
988 562
1032 564
1077 563
1115 564
1156 567
1201 569
1243 561
1288 563
1336 563
1391 564
1404 549
1133 306
1074 313
1015 322
961 325
909 324
862 318
800 328
741 328
693 323
634 328
571 310
545 301
478 320
459 322
469 310
529 312
561 309
626 314
687 306
734 300
782 319
848 298
902 288
946 307
1009 299
1066 293
1125 283
1186 270
1243 263
1316 244
1372 238
1428 231
1508 227
1500 158
1852 782
1793 790
1732 797
1648 802
1580 807
1507 812
1413 820
1328 820
1236 823
1151 825
1062 833
976 832
894 832
808 829
715 836
628 842
1701 768
1804 756
1738 738
1641 734
1553 736
1463 735
1370 734
1283 740
1189 746
1100 752
1004 756
913 751
826 749
732 747
634 754
544 759
448 764
352 774
268 788
161 799
166 707
274 705
355 713
453 716
557 711
635 718
735 710
827 706
905 704
996 693
1088 684
1178 685
1282 696
1352 695
1460 691
1540 690
1632 682
1737 686
1822 691
1811 607
1729 622
1631 612
1544 623
1460 633
1361 631
1266 634
1182 639
1091 644
998 646
906 649
811 643
727 639
626 643
529 640
441 633
341 631
236 618
171 606
68 634
24 628
48 595
148 612
217 618
332 626
430 609
511 610
613 605
709 608
797 608
892 616
989 625
1082 623
1176 623
1264 615
1357 601
1446 590
1530 586
1620 595
1736 603
1733 490
1635 496
1545 522
1456 526
1364 531
1303 543
1236 548
1180 548
1087 550
1001 555
922 544
827 536
732 534
637 537
542 536
455 532
354 527
260 522
169 511
61 511
872 673
859 679
870 668
855 684
